	EG0024	EG0031	EG0039	EG0055	EG0057	EG0070	EG0088	EG0101	EG0118	EG0136	EG0141	EG0175	EG0194	EG0196	EG0236	EG0256	EG0280	EG0282	EG0294	EG0303	EG0313	EG0341	EG0364	EG0365	EG0381	EG0401	EG0415	EG0447	EG0497	EG0520	EG0546	EG0605	EG0647	EG0660	EG0732	EG0744	EG0767	EG0778	EG0800	EG0831	EG0850	EG0883	EG0892	EG0927	EG0946	EG0967	EG1035	EG1041	EG1051	EG1069	EG1080	EG1178	EG1359	EG1394	EG1416	EG1431	EG1490	EG1507	EG1524	EG1572	EG1599	EG1637	EG1673	EG1724	EG1823	EG1825	EG1830	EG1872	EG1878	EG1892	EG1904	EG1905	EG1915	EG1939	EG1940	EG1976	EG1990	EG2018	EG2149	EG2186	EG2214	EG2279	EG2335	EG2391	EG2392	EG2419	EG2435	EG2490	EG2559	EG2580	EG2591	EG2608	EG2638	EG2659
EG0024	0	1.127390265464783	1.081673502922058	1.319838404655457	1.483432292938232	0.5333279967308044	1.401837110519409	1.215384960174561	1.442295789718628	0.5655200481414795	0.9831990599632263	1.412555456161499	0.4388114213943481	1.240897417068481	1.213141560554504	1.333107352256775	1.029008865356445	0.5626585483551025	1.243609428405762	0.5693035125732422	1.340178608894348	0.7797079086303711	1.467012524604797	1.246933221817017	1.159495949745178	0.618632435798645	0.9728155136108398	1.246498823165894	0.8578878045082092	1.442197322845459	1.673283100128174	0.6334699392318726	1.066622138023376	0.7338161468505859	0.8887024521827698	0.6584390997886658	0.528194785118103	0.7555761337280273	0.7483188509941101	0.5430943965911865	1.43495762348175	0.8959531188011169	1.139228343963623	0.7309383153915405	1.122721791267395	0.8168677091598511	0.8035696148872375	0.594319224357605	1.194308042526245	0.8354179859161377	0.9876032471656799	0.6643512845039368	0.9369855523109436	0.9461297988891602	1.51017689704895	1.014426708221436	1.026304125785828	0.5115301012992859	1.342133641242981	1.140770316123962	0.9043152332305908	1.129246234893799	1.301182627677917	0.8568657636642456	1.110322952270508	0.9973970055580139	0.51975417137146	0.6130285263061523	1.230057954788208	1.175617218017578	0.7622902393341064	0.5523903369903564	0.6573511362075806	1.300450563430786	0.6391949653625488	0.826758086681366	1.333852171897888	0.7915823459625244	1.222970962524414	0.481925904750824	0.6023407578468323	0.8943091630935669	0.7672683000564575	1.242784261703491	0.93180251121521	0.5070664286613464	0.9963971972465515	0.7949421405792236	1.356327056884766	1.170884132385254	0.7574009299278259	1.087176322937012	1.328129887580872	1.370917797088623
EG0031	1.127390265464783	0	1.200155854225159	1.514980554580688	1.663182973861694	0.9968289732933044	1.601194262504578	1.059597373008728	1.63518762588501	0.9675940275192261	1.307052612304688	1.61026930809021	0.9312967658042908	1.429060935974121	1.487755656242371	1.517522096633911	1.376743078231812	0.9179558157920837	1.447279691696167	0.9366554021835327	1.536728620529175	0.9954492449760437	1.657782673835754	1.43655264377594	1.55091118812561	0.9149051904678345	0.8603351712226868	1.435290098190308	1.00074577331543	1.652096509933472	1.804661750793457	1.046107769012451	1.270991921424866	0.8791199922561646	1.174054026603699	1.026722431182861	0.8264503479003906	1.038606524467468	0.9643236398696899	1.216577649116516	1.598254323005676	1.141616344451904	1.338605046272278	1.238872289657593	0.6307710409164429	1.19659435749054	0.9149727821350098	0.9763229489326477	1.390244245529175	1.193397521972656	1.211795568466187	0.9747649431228638	1.107913136482239	1.186630487442017	1.713868856430054	1.081841111183167	1.271133303642273	0.8906853199005127	1.526327610015869	0.6665533781051636	1.173579335212708	0.5844389796257019	1.485004782676697	1.101154685020447	0.9951657056808472	1.358343720436096	1.223975419998169	1.052250146865845	1.046305298805237	1.50479531288147	0.669180154800415	0.9640123844146729	1.031328797340393	1.477658748626709	0.9290636777877808	0.9249837398529053	1.517410755157471	0.7703867554664612	1.401508927345276	1.021942019462585	0.8563860654830933	1.19448184967041	1.304207801818848	1.435009837150574	1.249840259552002	0.8619034290313721	1.180261135101318	1.179882049560547	1.349606871604919	1.351805806159973	1.100723385810852	1.323395133018494	1.434430241584778	1.578066110610962
EG0039	1.081673502922058	1.200155854225159	0	0.6546722054481506	0.6938174366950989	0.9602346420288086	0.819726824760437	0.4788428544998169	0.8681002855300903	0.8521391153335571	0.3061104416847229	0.8252542018890381	0.8178268671035767	0.6552779674530029	1.10877799987793	0.6688851118087769	0.5259709358215332	0.7624455690383911	0.6507889032363892	0.6347230672836304	0.7744356989860535	1.132645010948181	0.682839035987854	0.6703588962554932	0.8883094787597656	0.9716660380363464	0.8474511504173279	0.6680884957313538	0.9369338154792786	0.8776305913925171	1.641950249671936	0.6648814678192139	1.003466606140137	0.6778708696365356	0.8939068913459778	0.8950121402740479	0.8046689033508301	0.8278356790542603	1.037824392318726	1.186461329460144	0.8066690564155579	1.075990676879883	0.5217779874801636	1.345412015914917	0.7745691537857056	0.8276172280311584	0.7542274594306946	0.8235207796096802	0.6028820872306824	0.5098286271095276	0.4089851975440979	0.740906298160553	0.7058145999908447	0.5890880227088928	0.9488782286643982	1.181258201599121	0.6031645536422729	0.6516223549842834	0.6768999695777893	0.8572379946708679	0.9094913005828857	0.7898383140563965	0.6564505100250244	0.4922360777854919	0.3682182729244232	0.6836046576499939	1.36164927482605	0.8070018291473389	0.4102213084697723	0.7329812049865723	0.7597217559814453	0.8857746720314026	0.7653341889381409	0.6169690489768982	0.8043901920318604	0.6561694741249084	0.6689838767051697	0.7395734786987305	0.6036211848258972	0.9371709823608398	0.7794246673583984	0.6262742877006531	0.7675184011459351	0.6663118600845337	0.4854924976825714	0.7971276044845581	0.6222355365753174	0.9223631620407104	0.6220213174819946	0.5419477224349976	0.8630011081695557	0.8024054169654846	1.3446124792099	0.7083380818367004
EG0055	1.319838404655457	1.514980554580688	0.6546722054481506	0	0.3171546757221222	1.246120572090149	0.3689420223236084	0.6942687034606934	0.3906149864196777	1.158980369567871	0.5922757387161255	0.3805359601974487	1.077144145965576	0.1835282891988754	1.268830180168152	0.02275317348539829	0.5127166509628296	1.016503214836121	0.3467345833778381	0.9406025409698486	0.3603796660900116	1.371518969535828	0.3181125223636627	0.1977681666612625	0.8210586309432983	1.240486741065979	1.24193549156189	0.19736048579216	1.250266432762146	0.4037475883960724	1.607951283454895	0.9593464136123657	1.210459470748901	0.9102271795272827	1.131924748420715	1.198132634162903	1.143919467926025	1.014273881912231	1.361814260482788	1.519353866577148	0.4501376450061798	1.385193109512329	0.3177957534790039	1.63438868522644	1.213107466697693	1.070478916168213	0.7160530686378479	1.078208804130554	0.2659097909927368	0.8688361644744873	0.7381348013877869	1.052995681762695	1.070975780487061	0.664841890335083	0.9055597186088562	1.480860114097595	0.8322206735610962	1.054335236549377	0.03536999598145485	1.189953207969666	1.167990803718567	1.130837798118591	0.2372155487537384	0.7194030284881592	0.6742565631866455	0.8523498773574829	1.601881742477417	1.108974695205688	0.6548179984092712	0.8933643698692322	1.21662974357605	1.144729614257812	1.048376083374023	0.243557333946228	1.115001678466797	1.084125399589539	0.0235600434243679	1.136400699615479	0.2925367653369904	1.215845108032227	1.190928220748901	0.9409651756286621	1.01863420009613	0.1951881647109985	0.7236171960830688	1.091826200485229	1.046002864837646	1.180002927780151	0.7409733533859253	0.6569581031799316	1.153566598892212	0.9736552238464355	1.505114912986755	0.1557546854019165
EG0057	1.483432292938232	1.663182973861694	0.6938174366950989	0.3171546757221222	0	1.413153171539307	0.4490628838539124	0.8310466408729553	0.4563429951667786	1.327685832977295	0.6467840075492859	0.4602413773536682	1.243098258972168	0.3111704885959625	1.398000001907349	0.317438006401062	0.6544589996337891	1.176244616508484	0.4650058448314667	1.108083724975586	0.5195534825325012	1.533527135848999	0.2160040587186813	0.3191740810871124	0.957017183303833	1.40473484992981	1.397651553153992	0.3196171820163727	1.418203115463257	0.4810934066772461	1.762032151222229	1.112922668457031	1.374773025512695	1.065053462982178	1.289841890335083	1.364553332328796	1.309692621231079	1.17222261428833	1.524019241333008	1.685200691223145	0.4929212927818298	1.553556084632874	0.4626613259315491	1.793804407119751	1.278023242950439	1.162733554840088	0.8745464086532593	1.245946049690247	0.4025896191596985	0.8493551015853882	0.8533809781074524	1.213502049446106	1.231112957000732	0.7506040334701538	0.9772567749023438	1.646490216255188	0.9956581592559814	1.192529439926147	0.3274874985218048	1.296119570732117	1.333352088928223	1.274313807487488	0.2627659738063812	0.8847068548202515	0.8104310035705566	0.9904404878616333	1.762240648269653	1.274263739585876	0.7971255779266357	0.9972925186157227	1.384411334991455	1.305158734321594	1.166606187820435	0.2818280458450317	1.27826976776123	1.246193885803223	0.3185409605503082	1.232570171356201	0.4333415925502777	1.383793592453003	1.359333515167236	1.107232570648193	1.159746885299683	0.3247442841529846	0.7989224195480347	1.258699536323547	1.136324405670166	1.346181631088257	0.8986319303512573	0.79729825258255	1.32176947593689	1.142450332641602	1.667483568191528	0.3688327670097351
EG0070	0.5333279967308044	0.9968289732933044	0.9602346420288086	1.246120572090149	1.413153171539307	0	1.329190969467163	1.144414663314819	1.37168550491333	0.2572169899940491	0.8733288049697876	1.340707778930664	0.3108274638652802	1.167044997215271	1.134486675262451	1.259045362472534	0.9479153156280518	0.5027589201927185	1.17537796497345	0.4880305826663971	1.269408226013184	0.5810624957084656	1.392792940139771	1.17341423034668	1.168525457382202	0.3399564325809479	0.8815308213233948	1.17118501663208	0.7120512127876282	1.385572195053101	1.587918281555176	0.4625456631183624	0.9262042641639709	0.6246622800827026	0.7475022673606873	0.4291938543319702	0.3253965973854065	0.6013087630271912	0.361816942691803	0.7993314266204834	1.365105867385864	0.6437652111053467	1.061044216156006	0.9787747263908386	1.036287307739258	0.669696569442749	0.6987658739089966	0.3948075175285339	1.119666337966919	0.6449601054191589	0.8455153703689575	0.5368567109107971	0.8219212293624878	0.8918129801750183	1.451677799224854	0.8279431462287903	0.8744198083877563	0.4381954073905945	1.266303896903992	1.096261024475098	0.7512375712394714	1.050421833992004	1.235074281692505	0.7401490211486816	1.035334229469299	0.9563063383102417	0.8524391055107117	0.4215564727783203	1.153500556945801	1.140848159790039	0.6173174977302551	0.4043512940406799	0.5542061328887939	1.231339573860168	0.444157600402832	0.6767739653587341	1.258332252502441	0.6791424751281738	1.135332822799683	0.2829687595367432	0.3271465599536896	0.7928532361984253	0.7541359066963196	1.169958233833313	0.8639514446258545	0.2973409593105316	0.8649437427520752	0.6890333890914917	1.277404546737671	1.09320867061615	0.5642385482788086	1.038140654563904	1.176799058914185	1.309111475944519
EG0088	1.401837110519409	1.601194262504578	0.819726824760437	0.3689420223236084	0.4490628838539124	1.329190969467163	0	0.6500017642974854	0.1773788034915924	1.21265709400177	0.7654455304145813	0.03606219589710236	1.137574911117554	0.2340171933174133	1.318901538848877	0.3838880956172943	0.4702163934707642	1.069260478019714	0.2804307639598846	1.06132984161377	0.3089015185832977	1.458688855171204	0.5720951557159424	0.2324866950511932	0.8665361404418945	1.327120900154114	1.275362372398376	0.2321706712245941	1.31166410446167	0.2528181970119476	1.688640117645264	0.9881802797317505	1.289632320404053	0.9917349815368652	1.157824516296387	1.274448394775391	1.225871801376343	1.094440937042236	1.444811344146729	1.582868814468384	0.2426353394985199	1.466307163238525	0.3622080385684967	1.714943885803223	1.316799759864807	1.055384039878845	0.7940877676010132	1.11644446849823	0.2594311237335205	1.011547684669495	0.7822386026382446	1.077111005783081	1.049084663391113	0.7830268144607544	0.7008052468299866	1.537852764129639	0.7834166288375854	1.140008687973022	0.392353355884552	1.239534974098206	1.204615235328674	1.135872364044189	0.2352375686168671	0.7320136427879333	0.6948823928833008	0.8219749927520752	1.687019944190979	1.166725635528564	0.8218722343444824	0.878062903881073	1.301558136940002	1.199738025665283	1.077664613723755	0.311636358499527	1.161939978599548	1.130312323570251	0.3841512501239777	1.130275130271912	0.3174214065074921	1.299992084503174	1.259711265563965	0.9072693586349487	1.068172335624695	0.2255392670631409	0.6026555895805359	1.161704182624817	1.140235781669617	1.245859622955322	0.712712287902832	0.6008249521255493	1.201589345932007	1.099621772766113	1.587516784667969	0.4003943800926208
EG0101	1.215384960174561	1.059597373008728	0.4788428544998169	0.6942687034606934	0.8310466408729553	1.144414663314819	0.6500017642974854	0	0.7749790549278259	1.014616250991821	0.5845136642456055	0.6330928206443787	0.9488346576690674	0.5782972574234009	1.202354669570923	0.7087373733520508	0.4052127599716187	0.8774104118347168	0.5141742825508118	0.8315543532371521	0.6352752447128296	1.273005962371826	0.856400191783905	0.5806289911270142	0.8597858548164368	1.14220404624939	0.7019573450088501	0.579984188079834	1.022017002105713	0.7846726775169373	1.686805725097656	0.7962310314178467	1.131728529930115	0.7850393056869507	0.98456209897995	1.088131427764893	0.9526281356811523	0.9410247802734375	1.222066402435303	1.311954498291016	0.7503849864006042	1.26203978061676	0.4728321433067322	1.429049134254456	0.7073615789413452	0.9297386407852173	0.7964644432067871	0.9316076636314392	0.4799332320690155	0.8273805379867554	0.5512208342552185	0.8188163042068481	0.6975526809692383	0.7447679042816162	0.9548525810241699	1.248167276382446	0.6610696315765381	0.8690749406814575	0.7178950905799866	0.701382040977478	1.020472288131714	0.559806764125824	0.6362192630767822	0.5425424575805664	0.199489563703537	0.6737070083618164	1.503213405609131	0.9673035740852356	0.2208509594202042	0.8109192848205566	0.6911895871162415	1.011002659797668	0.8771990537643433	0.6302278637886047	0.9270509481430054	0.6795762181282043	0.7094119191169739	0.6015694141387939	0.5315797924995422	1.113648414611816	0.9434710741043091	0.6879235506057739	0.8968482613563538	0.5762621760368347	0.5822874903678894	0.9677055478096008	0.8456964492797852	1.066435217857361	0.4204711318016052	0.4106473624706268	1.008071303367615	0.9433346390724182	1.426598429679871	0.717863917350769
EG0118	1.442295789718628	1.63518762588501	0.8681002855300903	0.3906149864196777	0.4563429951667786	1.37168550491333	0.1773788034915924	0.7749790549278259	0	1.286720156669617	0.8137156963348389	0.1888080984354019	1.201857805252075	0.2176373302936554	1.356286406517029	0.3892802000045776	0.6032357215881348	1.134881973266602	0.3850894868373871	1.104699611663818	0.4809257388114929	1.493252754211426	0.5892876386642456	0.2017245292663574	0.9044783115386963	1.364265441894531	1.356287717819214	0.2030152529478073	1.381639361381531	0.2466677129268646	1.721098661422729	1.074010372161865	1.333393812179565	1.026911616325378	1.24977433681488	1.325534105300903	1.268528461456299	1.130717873573303	1.482699155807495	1.647321105003357	0.1450448036193848	1.512043476104736	0.4070747494697571	1.752607107162476	1.366339325904846	1.109388470649719	0.8329564332962036	1.2093825340271	0.3143704533576965	1.046864867210388	0.8494498729705811	1.178547143936157	1.190559387207031	0.8179928064346313	0.7297003269195557	1.605689167976379	0.953787624835968	1.189513087272644	0.3991660475730896	1.281055688858032	1.291650891304016	1.268598556518555	0.232502207159996	0.8493714332580566	0.7543569803237915	0.9512534141540527	1.720789670944214	1.237891435623169	0.8546755313873291	0.9198463559150696	1.345480442047119	1.264302611351013	1.130562663078308	0.3203450739383698	1.237401962280273	1.204975247383118	0.3898625075817108	1.181120157241821	0.332787036895752	1.342363357543945	1.317841172218323	1.06589150428772	1.118584752082825	0.2085978388786316	0.6426257491111755	1.219432473182678	1.183992385864258	1.305253863334656	0.8700984120368958	0.7608295679092407	1.281103849411011	1.14052951335907	1.625933408737183	0.439941018819809
EG0136	0.5655200481414795	0.9675940275192261	0.8521391153335571	1.158980369567871	1.327685832977295	0.2572169899940491	1.21265709400177	1.014616250991821	1.286720156669617	0	0.8144162893295288	1.220451235771179	0.2650057375431061	1.08204197883606	1.0230952501297	1.173951983451843	0.8984514474868774	0.3814927339553833	1.051875472068787	0.3283029794692993	1.146074056625366	0.581733226776123	1.306321382522583	1.089145183563232	1.146203875541687	0.3429701328277588	0.7577904462814331	1.086990714073181	0.6015371680259705	1.295526504516602	1.52208685874939	0.3296423852443695	0.8501104116439819	0.5353425741195679	0.6146653294563293	0.3214979767799377	0.3173688650131226	0.6474590301513672	0.3787628412246704	0.70099276304245	1.277732610702515	0.5797556638717651	0.9592703580856323	0.9194250106811523	0.9335964322090149	0.5995782613754272	0.6622747182846069	0.3056977391242981	1.000464677810669	0.6176654100418091	0.7250424027442932	0.4408693909645081	0.7080132365226746	0.8383775949478149	1.336131811141968	0.7357063293457031	0.7613240480422974	0.3209289014339447	1.18242359161377	0.9693770408630371	0.6382434368133545	0.9270868301391602	1.14503800868988	0.6172728538513184	0.9212774038314819	0.8910738825798035	0.8202464580535889	0.3567438125610352	1.060035467147827	1.079630851745605	0.5233433246612549	0.3474821150302887	0.4672044813632965	1.140623569488525	0.3199971914291382	0.519073486328125	1.174424290657043	0.5743023753166199	1.040463209152222	0.3464446067810059	0.2961735427379608	0.626619279384613	0.758192777633667	1.084820151329041	0.7920746803283691	0.2302870452404022	0.7489370703697205	0.6405742168426514	1.152977228164673	0.9697819948196411	0.4265204668045044	0.9101298451423645	1.117910146713257	1.196946024894714
EG0141	0.9831990599632263	1.307052612304688	0.3061104416847229	0.5922757387161255	0.6467840075492859	0.8733288049697876	0.7654455304145813	0.5845136642456055	0.8137156963348389	0.8144162893295288	0	0.7697985172271729	0.7114748358726501	0.5986788272857666	1.081151366233826	0.6045658588409424	0.447231113910675	0.7249071598052979	0.6079353094100952	0.631238579750061	0.7217451930046082	1.058241844177246	0.6043798923492432	0.6152310371398926	0.7992949485778809	0.9149056673049927	0.9651080965995789	0.6137186884880066	0.9336028099060059	0.8221279382705688	1.61958920955658	0.6121184825897217	0.9658951759338379	0.7236522436141968	0.8719817399978638	0.8741563558578491	0.7815622091293335	0.7603474259376526	1.023966789245605	1.181150794029236	0.7614602446556091	1.055575132369995	0.4612139463424683	1.321711659431458	0.8908033967018127	0.7557539939880371	0.7259591817855835	0.7472285032272339	0.5520062446594238	0.403796523809433	0.4220739006996155	0.6862174272537231	0.7493385076522827	0.5590622425079346	0.9260007739067078	1.15207839012146	0.5704407691955566	0.6960523128509521	0.6121993064880371	0.9716166257858276	0.9106922745704651	0.9023267030715942	0.6051948070526123	0.4725451469421387	0.4855291843414307	0.6407585144042969	1.304265856742859	0.7225134372711182	0.5052101612091064	0.7126502394676208	0.8917999267578125	0.8031094074249268	0.7149227857589722	0.5263112187385559	0.7603033781051636	0.7465835809707642	0.604519248008728	0.7912788987159729	0.569402277469635	0.8491326570510864	0.8264710903167725	0.6171931624412537	0.666132390499115	0.6080883741378784	0.4292697310447693	0.7604491114616394	0.6771745681762695	0.8639340996742249	0.7224674820899963	0.529638409614563	0.8223059773445129	0.7887210845947266	1.346607208251953	0.6470372676849365
EG0175	1.412555456161499	1.61026930809021	0.8252542018890381	0.3805359601974487	0.4602413773536682	1.340707778930664	0.03606219589710236	0.6330928206443787	0.1888080984354019	1.220451235771179	0.7697985172271729	0	1.144153833389282	0.2465608417987823	1.330459952354431	0.397086888551712	0.4534178972244263	1.077470660209656	0.2923978269100189	1.067572832107544	0.3274065852165222	1.470890164375305	0.5815516710281372	0.2451981008052826	0.8780539035797119	1.338360786437988	1.2725670337677	0.2444465756416321	1.32388699054718	0.2648331224918365	1.700753688812256	0.9881445169448853	1.301015973091125	1.003351926803589	1.162317633628845	1.282037734985352	1.236685514450073	1.104929804801941	1.455697655677795	1.581157207489014	0.2465015053749084	1.475763440132141	0.3636868000030518	1.725441932678223	1.326273560523987	1.062946200370789	0.8040818572044373	1.126524329185486	0.2562291622161865	1.021202564239502	0.7771869301795959	1.07388162612915	1.028419733047485	0.7926790118217468	0.7136247158050537	1.541573524475098	0.8107590675354004	1.146328449249268	0.4055996239185333	1.24794590473175	1.202365040779114	1.114626884460449	0.2448445856571198	0.7244481444358826	0.6937545537948608	0.8171647787094116	1.699949860572815	1.171195507049561	0.8303837776184082	0.885588526725769	1.309993505477905	1.209514856338501	1.086627006530762	0.3174505233764648	1.177679181098938	1.130238175392151	0.3975223004817963	1.14417290687561	0.3219334781169891	1.311583876609802	1.263787984848022	0.8907271027565002	1.080555438995361	0.2383301556110382	0.6138274669647217	1.167688846588135	1.145895719528198	1.255249619483948	0.6928791999816895	0.5803524851799011	1.2113938331604	1.111014127731323	1.598876237869263	0.4003033041954041
EG0194	0.4388114213943481	0.9312967658042908	0.8178268671035767	1.077144145965576	1.243098258972168	0.3108274638652802	1.137574911117554	0.9488346576690674	1.201857805252075	0.2650057375431061	0.7114748358726501	1.144153833389282	0	1.002720713615417	0.9499649405479431	1.096917867660522	0.7716858386993408	0.3367414474487305	0.9850502014160156	0.3404166698455811	1.075403094291687	0.5402863025665283	1.229539275169373	1.009198188781738	1.036640763282776	0.3522656559944153	0.6934306025505066	1.007875561714172	0.5477243065834045	1.211833715438843	1.483199715614319	0.3224377632141113	0.8385498523712158	0.4903326034545898	0.606654942035675	0.3678983449935913	0.2119157910346985	0.5629836320877075	0.4657561779022217	0.7052445411682129	1.195000648498535	0.6596271991729736	0.8824576139450073	0.8827050924301147	0.8808500170707703	0.5248903632164001	0.6064384579658508	0.2828933000564575	0.9251536726951599	0.5645158886909485	0.7075077295303345	0.3120750188827515	0.6171088218688965	0.7497434616088867	1.267083764076233	0.7063199877738953	0.7521148324012756	0.2977112829685211	1.105385422706604	0.911791980266571	0.6251093745231628	0.8646917343139648	1.061104297637939	0.5483716130256653	0.8517229557037354	0.7893901467323303	0.7843056321144104	0.2790000140666962	0.9921320676803589	1.012155652046204	0.5273876786231995	0.2732851207256317	0.3027963638305664	1.062185406684875	0.3255519866943359	0.5257515907287598	1.097199201583862	0.5097211599349976	0.9681892991065979	0.3258878588676453	0.2874791622161865	0.6121480464935303	0.6565316319465637	1.005590915679932	0.6991681456565857	0.1591510325670242	0.7475548982620239	0.5869063138961792	1.091218590736389	0.902201235294342	0.4561823606491089	0.8524768352508545	1.124775171279907	1.114323496818542
EG0196	1.240897417068481	1.429060935974121	0.6552779674530029	0.1835282891988754	0.3111704885959625	1.167044997215271	0.2340171933174133	0.5782972574234009	0.2176373302936554	1.08204197883606	0.5986788272857666	0.2465608417987823	1.002720713615417	0	1.174380302429199	0.1812820285558701	0.4007364809513092	0.9369664192199707	0.2056741267442703	0.8897477984428406	0.2799883484840393	1.288920164108276	0.3763244450092316	0.01854721270501614	0.7040469646453857	1.160401701927185	1.162051558494568	0.01937633007764816	1.172418117523193	0.2383295446634293	1.520449995994568	0.8735073804855347	1.130366921424866	0.820954442024231	1.051754951477051	1.122637629508972	1.063924551010132	0.9311445951461792	1.279752612113953	1.442986011505127	0.2949850559234619	1.308618068695068	0.1949485242366791	1.550106763839722	1.158473134040833	0.9735883474349976	0.6348445415496826	0.9995537400245667	0.1188955008983612	0.83608078956604	0.6386039257049561	0.9743910431861877	0.9924368262290955	0.6069084405899048	0.7698850631713867	1.40350604057312	0.7491412162780762	0.9772762060165405	0.1894835829734802	1.086766362190247	1.089011192321777	1.056250095367432	0.08936109393835068	0.6405965089797974	0.5484369993209839	0.7649237513542175	1.518074035644531	1.030987501144409	0.6460232734680176	0.7809602022171021	1.139259099960327	1.065394163131714	0.9513728022575378	0.1219202429056168	1.033716917037964	1.002243757247925	0.1816545575857162	1.043382048606873	0.1368230879306793	1.139022827148438	1.113042831420898	0.8613981008529663	0.9315920472145081	0.02177826315164566	0.6029495596885681	1.01368236541748	0.9763727188110352	1.101908564567566	0.6590386629104614	0.5570904016494751	1.077935576438904	0.9269594550132751	1.421399354934692	0.2360145300626755
EG0236	1.213141560554504	1.487755656242371	1.10877799987793	1.268830180168152	1.398000001907349	1.134486675262451	1.318901538848877	1.202354669570923	1.356286406517029	1.0230952501297	1.081151366233826	1.330459952354431	0.9499649405479431	1.174380302429199	0	1.280223369598389	1.051801681518555	0.8619006276130676	1.15351676940918	0.9838383197784424	1.289743661880493	1.28220009803772	1.416050314903259	1.179532766342163	0.9174512028694153	1.102615714073181	1.174869298934937	1.178019046783447	1.126081824302673	1.212129473686218	0.7997294068336487	0.9172793626785278	0.476149320602417	0.8269018530845642	1.036912083625793	0.9749891757965088	1.01324188709259	0.9505631923675537	1.223617672920227	1.396926760673523	1.349895238876343	1.025664567947388	1.051363229751587	1.267078399658203	1.333943128585815	0.9468988180160522	0.7966461777687073	1.017528057098389	1.126310706138611	1.073614358901978	1.031999588012695	1.001171112060547	1.128723382949829	0.9242227077484131	0.7785093784332275	1.340910315513611	1.091352581977844	0.9737696051597595	1.28900933265686	1.02953028678894	1.075209259986877	1.326335430145264	1.213326454162598	0.7903975248336792	1.088747262954712	0.8360466957092285	1.510473251342773	0.92804354429245	1.229946136474609	1.019134283065796	1.07507848739624	1.035174489021301	0.8488333225250244	1.232146263122559	0.9449573755264282	0.9378705024719238	1.280659794807434	1.07299792766571	1.157477259635925	1.066276431083679	1.061712026596069	1.101677179336548	1.049696564674377	1.176697492599487	0.9808945655822754	0.9772096872329712	1.089933753013611	0.90758216381073	1.325275659561157	1.099849939346313	0.832208514213562	0.5509749054908752	0.8457266092300415	1.258594870567322
EG0256	1.333107352256775	1.517522096633911	0.6688851118087769	0.02275317348539829	0.317438006401062	1.259045362472534	0.3838880956172943	0.7087373733520508	0.3892802000045776	1.173951983451843	0.6045658588409424	0.397086888551712	1.096917867660522	0.1812820285558701	1.280223369598389	0	0.5273743271827698	1.0321044921875	0.3616576790809631	0.9532461166381836	0.3752807974815369	1.378290891647339	0.3199531733989716	0.1906748861074448	0.8302053213119507	1.252739667892456	1.260255932807922	0.1925543695688248	1.264604210853577	0.4153543710708618	1.608613729476929	0.9765666127204895	1.22377610206604	0.9163384437561035	1.148041486740112	1.216593265533447	1.159085750579834	1.020583868026733	1.369610190391541	1.534682631492615	0.459812730550766	1.400580406188965	0.3309871554374695	1.640424013137817	1.225470781326294	1.089142560958862	0.725949764251709	1.090484738349915	0.2763184905052185	0.8765556812286377	0.7515023350715637	1.067391753196716	1.087833404541016	0.6689145565032959	0.9111540913581848	1.49641478061676	0.8410700559616089	1.069553136825562	0.01830802671611309	1.201762318611145	1.182208895683289	1.139702796936035	0.2468823194503784	0.7366212606430054	0.6853196024894714	0.8684238195419312	1.607808351516724	1.127462983131409	0.6564175486564636	0.9079906344413757	1.234143495559692	1.159947156906128	1.062968730926514	0.2509207725524902	1.127968668937683	1.101716041564941	0.002842078451067209	1.153250098228455	0.3056095540523529	1.230689406394958	1.206735968589783	0.9527085423469543	1.033984899520874	0.197588711977005	0.7407116293907166	1.105011224746704	1.063571453094482	1.194083690643311	0.7503749132156372	0.6716334223747253	1.170761823654175	0.9836741089820862	1.512851715087891	0.158638209104538
EG0280	1.029008865356445	1.376743078231812	0.5259709358215332	0.5127166509628296	0.6544589996337891	0.9479153156280518	0.4702163934707642	0.4052127599716187	0.6032357215881348	0.8984514474868774	0.447231113910675	0.4534178972244263	0.7716858386993408	0.4007364809513092	1.051801681518555	0.5273743271827698	0	0.7899363040924072	0.3425469398498535	0.7691401243209839	0.4515826404094696	1.188015460968018	0.6642498970031738	0.4062779545783997	0.6473484039306641	1.03041684627533	0.9856043457984924	0.4053913354873657	1.029041528701782	0.6057016253471375	1.559531211853027	0.655479371547699	1.015776515007019	0.7189126014709473	0.8741753101348877	0.9783332347869873	0.9059675931930542	0.7640453577041626	1.146780610084534	1.275107860565186	0.5948548316955566	1.177057147026062	0.2840849757194519	1.437002420425415	1.076140403747559	0.8405123353004456	0.6779285669326782	0.8417878150939941	0.3040497899055481	0.6816798448562622	0.4936630725860596	0.7333704233169556	0.734293520450592	0.5659753084182739	0.8396488428115845	1.25360906124115	0.5449951887130737	0.8275436758995056	0.5365948677062988	1.022007346153259	0.9041138887405396	0.8722386956214905	0.4613645672798157	0.4511558413505554	0.4802886843681335	0.4689942300319672	1.402104377746582	0.8105380535125732	0.6093819141387939	0.6371892094612122	0.9904516935348511	0.8983314037322998	0.8113636374473572	0.4616664052009583	0.8978973031044006	0.8312895894050598	0.528481125831604	0.9294791221618652	0.3696373105049133	0.9274126291275024	0.9445344805717468	0.5906062722206116	0.700971245765686	0.4035279750823975	0.4692801833152771	0.8597023487091064	0.8415365219116211	0.8728093504905701	0.5068354606628418	0.3226033747196198	0.9149491190910339	0.8309715390205383	1.383840084075928	0.5308575630187988
EG0282	0.5626585483551025	0.9179558157920837	0.7624455690383911	1.016503214836121	1.176244616508484	0.5027589201927185	1.069260478019714	0.8774104118347168	1.134881973266602	0.3814927339553833	0.7249071598052979	1.077470660209656	0.3367414474487305	0.9369664192199707	0.8619006276130676	1.0321044921875	0.7899363040924072	0	0.8956036567687988	0.3691000044345856	1.001936197280884	0.6424552202224731	1.169962525367737	0.9433056116104126	1.055320978164673	0.4930777251720428	0.6474933624267578	0.9429614543914795	0.5501333475112915	1.101009130477905	1.404388427734375	0.3647763729095459	0.7849134802818298	0.3448628187179565	0.5853061676025391	0.4532766342163086	0.3896458446979523	0.5753704905509949	0.6198115348815918	0.7333519458770752	1.124016284942627	0.6604629755020142	0.8069177865982056	0.904380738735199	0.8345122337341309	0.5189045667648315	0.5216332077980042	0.3968677222728729	0.8634532690048218	0.581773579120636	0.6369632482528687	0.422220379114151	0.6312758922576904	0.6809643507003784	1.214162468910217	0.7469686269760132	0.7062710523605347	0.3647997677326202	1.040944814682007	0.8137644529342651	0.6113268733024597	0.8196747303009033	0.9898397922515869	0.5003824234008789	0.7589243054389954	0.7504563927650452	0.834780216217041	0.3989457190036774	0.9144965410232544	0.8967798352241516	0.5381758213043213	0.392898291349411	0.4175063371658325	0.9795222282409668	0.3712632358074188	0.5173458456993103	1.032650470733643	0.5401559472084045	0.9042729139328003	0.4827701449394226	0.4273643791675568	0.5909039378166199	0.6254769563674927	0.9386444091796875	0.63066565990448	0.327214390039444	0.7017787098884583	0.6184896230697632	1.023247838020325	0.795936644077301	0.4524595737457275	0.7441933751106262	1.053898811340332	1.005488157272339
EG0294	1.243609428405762	1.447279691696167	0.6507889032363892	0.3467345833778381	0.4650058448314667	1.17537796497345	0.2804307639598846	0.5141742825508118	0.3850894868373871	1.051875472068787	0.6079353094100952	0.2923978269100189	0.9850502014160156	0.2056741267442703	1.15351676940918	0.3616576790809631	0.3425469398498535	0.8956036567687988	0	0.9066332578659058	0.3046256601810455	1.317672491073608	0.5039547681808472	0.2033208310604095	0.7593878507614136	1.175212264060974	1.086119413375854	0.2009660601615906	1.119274616241455	0.3694292306900024	1.582168102264404	0.8117796182632446	1.140315055847168	0.8271713256835938	0.9774959087371826	1.11875057220459	1.054901123046875	0.936809778213501	1.24556565284729	1.38275134563446	0.3336755335330963	1.263604879379272	0.2178508341312408	1.523070693016052	1.141669392585754	0.9401344060897827	0.696540355682373	0.9640061259269714	0.1494349241256714	0.8556321859359741	0.5896685123443604	0.8677932024002075	0.884608268737793	0.6514740586280823	0.8217341899871826	1.331878185272217	0.6787529587745667	0.9628334045410156	0.3703567981719971	1.0644850730896	1.044770002365112	1.01220166683197	0.2430645376443863	0.5829640626907349	0.5350238084793091	0.6210922002792358	1.532758235931396	0.9601215124130249	0.6643505096435547	0.7571315765380859	1.124302625656128	1.0085608959198	0.8901504278182983	0.2465880215167999	0.9908300042152405	0.9414111375808716	0.3626668453216553	1.014073014259338	0.1156234666705132	1.145112276077271	1.075909495353699	0.7707632184028625	0.9059087038040161	0.1953250467777252	0.5645623803138733	1.005723595619202	0.9216364622116089	1.08244800567627	0.5855236649513245	0.4533434212207794	1.028368830680847	0.9366583824157715	1.428514003753662	0.3539038300514221
EG0303	0.5693035125732422	0.9366554021835327	0.6347230672836304	0.9406025409698486	1.108083724975586	0.4880305826663971	1.06132984161377	0.8315543532371521	1.104699611663818	0.3283029794692993	0.631238579750061	1.067572832107544	0.3404166698455811	0.8897477984428406	0.9838383197784424	0.9532461166381836	0.7691401243209839	0.3691000044345856	0.9066332578659058	0	1.00153112411499	0.6528087258338928	1.074700117111206	0.9058148860931396	1.011236786842346	0.4991989135742188	0.6654979586601257	0.9046223163604736	0.595739483833313	1.116034984588623	1.506095051765442	0.2919429838657379	0.8795812129974365	0.4890182614326477	0.6152445673942566	0.4287209212779999	0.3865772485733032	0.670457661151886	0.5950316786766052	0.7952104806900024	1.073433399200439	0.7178244590759277	0.771478533744812	0.9507517218589783	0.7031283974647522	0.4845530390739441	0.6198302507400513	0.3514872193336487	0.8471062779426575	0.4987204074859619	0.6049578785896301	0.3610954880714417	0.5719896554946899	0.6581735014915466	1.179935932159424	0.8299103975296021	0.6932051181793213	0.2412682175636292	0.9533047676086426	0.7696790099143982	0.6527767777442932	0.7327706217765808	0.9434379935264587	0.4990157186985016	0.7159967422485352	0.7945207357406616	0.8516486287117004	0.395796924829483	0.8129969835281372	0.9197999238967896	0.5226584672927856	0.4180086255073547	0.3102826774120331	0.9199306964874268	0.3851988911628723	0.5137556791305542	0.9535723924636841	0.4431153833866119	0.8580077886581421	0.4692473411560059	0.3936529457569122	0.5163412094116211	0.6986276507377625	0.902159571647644	0.631374180316925	0.3201057910919189	0.6231156587600708	0.6808671951293945	0.9655233025550842	0.8110727071762085	0.5240728855133057	0.7008334398269653	1.134036421775818	0.9953149557113647
EG0313	1.340178608894348	1.536728620529175	0.7744356989860535	0.3603796660900116	0.5195534825325012	1.269408226013184	0.3089015185832977	0.6352752447128296	0.4809257388114929	1.146074056625366	0.7217451930046082	0.3274065852165222	1.075403094291687	0.2799883484840393	1.289743661880493	0.3752807974815369	0.4515826404094696	1.001936197280884	0.3046256601810455	1.00153112411499	0	1.398474097251892	0.5417842864990234	0.286432683467865	0.8631558418273926	1.267353773117065	1.206844568252563	0.2855427861213684	1.240586042404175	0.4848558902740479	1.63411021232605	0.9309481382369995	1.232825040817261	0.9355640411376953	1.093553066253662	1.213784694671631	1.156161785125732	1.038220167160034	1.372716188430786	1.498276233673096	0.509775698184967	1.38947319984436	0.375489741563797	1.641312837600708	1.256477236747742	1.083167552947998	0.7422635555267334	1.052716732025146	0.288761168718338	0.9674290418624878	0.7514599561691284	0.9926061630249023	0.9664559960365295	0.7300718426704407	0.9633548259735107	1.459969282150269	0.6592942476272583	1.075611591339111	0.3841617703437805	1.215904951095581	1.13617467880249	1.065022706985474	0.3330627679824829	0.6530001759529114	0.6858882904052734	0.7632126808166504	1.62809145450592	1.088368773460388	0.7870368957519531	0.9373106956481934	1.232250928878784	1.124972105026245	1.050880670547485	0.3336120843887329	1.097965598106384	1.055617332458496	0.3759128749370575	1.150383472442627	0.332263708114624	1.239830017089844	1.180116176605225	0.80429607629776	1.028416395187378	0.2787066102027893	0.7590513229370117	1.089246153831482	1.086849927902222	1.176864862442017	0.5072824954986572	0.5193498134613037	1.127341985702515	1.040982484817505	1.523289442062378	0.3856082558631897
EG0341	0.7797079086303711	0.9954492449760437	1.132645010948181	1.371518969535828	1.533527135848999	0.5810624957084656	1.458688855171204	1.273005962371826	1.493252754211426	0.581733226776123	1.058241844177246	1.470890164375305	0.5402863025665283	1.288920164108276	1.28220009803772	1.378290891647339	1.188015460968018	0.6424552202224731	1.317672491073608	0.6528087258338928	1.398474097251892	0	1.514251589775085	1.29435133934021	1.415732145309448	0.4360423982143402	1.045756101608276	1.294335126876831	0.8865554928779602	1.508478760719299	1.646532773971558	0.7067347168922424	1.041748404502869	0.7666589021682739	0.9360798597335815	0.4839841425418854	0.4897031486034393	0.8508775234222412	0.5864670276641846	0.9757908582687378	1.486118912696838	0.7919313311576843	1.189315795898438	1.077153325080872	1.184836506843567	0.7229864597320557	0.7672575712203979	0.5141754746437073	1.247284531593323	0.8670759201049805	1.037318468093872	0.7430645227432251	1.008993625640869	1.054977536201477	1.572375059127808	0.9772032499313354	1.059306859970093	0.6423805356025696	1.38466477394104	1.218496561050415	0.9606656432151794	1.17999279499054	1.354400038719177	0.8975725769996643	1.164489269256592	1.210916519165039	0.8068174123764038	0.7132969498634338	1.276730179786682	1.332286357879639	0.790708065032959	0.4458131492137909	0.7098908424377441	1.351168513298035	0.6128029227256775	0.8688791394233704	1.378038167953491	0.8214161396026611	1.271170377731323	0.6171530485153198	0.5887148976325989	0.9828440546989441	1.036453604698181	1.293600797653198	1.041016936302185	0.4702998697757721	1.001781463623047	0.9627292156219482	1.40732216835022	1.22591245174408	0.7741914987564087	1.171925067901611	1.291856169700623	1.435299873352051
